 45 56 76 99120134136128112 93 76 66 66 77 94115134145146135115 90 66 4726 9 1OF 5431371733147999999999999991130 65999999999999999999999
 39 42 56 77 99117127127119106 92 82 79 85 98115133145149142126103 78 5626 9 2OF 631128175214999999999999999 013 391150 7999999999999999
 42 37 43 57 76 95110117117111103 95 92 95103117131144150147135117 94 7226 9 3OF 729118181315099999999999999 056 3712 5 9299999999999999
 53 42 39 44 56 72 87 99106108106104102104110119130140147148141128111 9126 9 4OF 856108183814899999999999999 150 3912 310299999999999999
 72 56 45 42 44 52 64 76 88 9610210610811111512112813514114414213512411026 9 5OF19 9144999999999999999999999 3 5 42999999999999999999999
 94 77 62 50 43 41 45 54 66 78 9010010911512012312612913213513613513112426 9 6OF20 6136999999999999999999999 447 41999999999999999999999
115102 86 69 54 42 36 37 45 58 74 9010411612312612612412312212412612913026 9 7OF152612623 513199999999999999 621 36184212299999999999999
129123111 94 74 54 39 30 31 40 56 76 9611212312812612111410910811111712626 9 8OF1512128999999999999999999999 727 29195110899999999999999
133136132120100 76 52 35 26 29 41 62 85107122130129121109 99 92 92 9911226 9 9OF 057136152213199999999999999 817 262031 9199999999999999
126138143139124100 74 49 32 27 33 51 75100120132133124109 93 80 74 78 9126 910OF 2 4143153613499999999999999 857 2721 7 7499999999999999
109128143148141123 97 70 47 34 34 46 68 94118133137130114 93 74 62 59 6826 911OF 256148155213799999999999999 931 322142 5999999999999999
 87110131145148138118 92 67 48 41 47 65 90115133142137122 99 75 56 47 5026 912OF 34314816 91429999999999999910 2 412216 4699999999999999
 64 87112133144144131110 87 66 54 54 66 87112133144144131109 83 58 42 3826 913OF 4271461627146999999999999991030 532250 3899999999999999
 46 65 90114132140136122103 84 69 65 71 88109130145149139120 94 67 46 3526 914OF 5 91401647149999999999999991055 652324 3499999999999999
 36 49 70 94115129132126113 98 84 77 79 90108127143150145130106 80 56 4026 915OF 55113317 8150999999999999991118 762359 3499999999999999
 34 40 55 76 97113123123117106 95 88 87 94107123138148147137118 94 70 5126 916OF 6341241730149999999999999991139 86999999999999999999999
 40 39 47 62 80 97109115114109103 97 95 98107119132142145140126106 85 6526 917OF 724115175314599999999999999 036 381155 9599999999999999
 51 45 46 54 67 81 94103107107105103102104109117126135139138130116 98 8126 918OF 837108181714099999999999999 119 44115810299999999999999
 66 56 52 53 59 68 78 88 96101104105107109112116121127131132129121109 9526 919OF1844132999999999999999999999 216 51999999999999999999999
 82 71 62 57 56 59 65 73 82 90 9810410911311511711812012212412312111510726 920OF1921124999999999999999999999 344 56999999999999999999999
 97 87 76 67 60 56 56 60 68 78 8910010911511911911711511411411511611611426 921OF1437119214311699999999999999 529 55183611499999999999999
110103 93 81 68 57 51 50 54 64 78 9310611612212211811210710310310611111626 922OF1434123999999999999999999999 642 49193110399999999999999
118116109 97 81 65 52 45 45 52 66 84101116124126121112101 93 90 9310111126 923OF 0 5118144312699999999999999 730 4420 2 9099999999999999
120125123114 98 79 60 46 40 44 56 74 95113126130125113 99 86 78 78 86 9926 924OF 115126145613099999999999999 8 8 402031 7799999999999999
115128133129116 96 74 55 43 40 49 66 88110126133130117 99 81 67 62 67 8226 925OF 2 6133151113399999999999999 842 4021 0 6299999999999999
102121135139132115 92 69 52 44 47 61 83106125136135123103 80 61 49 49 6126 926OF 252139152713799999999999999 912 442130 4799999999999999
 82107128141142131111 88 67 54 52 61 80103124138141131111 85 60 41 34 4126 927OF 335143154314199999999999999 941 5122 1 3499999999999999
 59 85112133144141127106 85 68 61 65 80101123139146139121 94 65 41 26 2526 928OF 41714416 11469999999999999910 9 612235 2499999999999999
 38 61 90116135141136121102 85 75 74 83101121139149147132107 77 49 27 1826 929OF 5 11411620149999999999999991034 732311 1799999999999999
 22 40 65 93117131135128115100 88 84 89102120137149151142121 93 63 38 2126 930OF 5471351641152999999999999991057 842350 1699999999999999
 16 25 44 69 93113124125119109100 95 96105119134147152148133110 82 56 342610 1OF 63812617 4152999999999999991117 94999999999999999999999
 22 21 31 48 70 90105114115112107103103108118130142149149140123101 77 552610 2OF 743115173015099999999999999 035 20112910299999999999999
 38 29 29 37 51 67 83 96104107107107108111117125134141144140131116 98 792610 3OF18 0144999999999999999999999 131 28999999999999999999999
 61 47 39 37 41 50 63 76 87 961031071101131161211251301331331301231131002610 4OF1838133999999999999999999999 247 37999999999999999999999
 86 71 58 48 43 43 48 58 70 83 951041111151171181171171181191201201181142610 5OF2032120999999999999999999999 429 42999999999999999999999
106 96 82 68 54 45 42 46 55 69 85 991101171201171121071031021031081131182610 6OF1357120234911999999999999999 558 42185710299999999999999
119115106 91 74 58 46 42 46 58 75 93108119123120112101 91 84 83 89 991112610 7OF14 4123999999999999999999999 7 0 421938 8399999999999999
121126124114 97 77 59 47 44 51 67 86106120128126116100 84 71 65 67 78 942610 8OF 115127141812899999999999999 746 442013 6599999999999999
112126133131118 98 77 59 50 51 62 81102121132132123105 84 64 51 48 56 732610 9OF 214134143513399999999999999 824 492047 4899999999999999
 95117132138133118 97 76 61 56 62 78 99120134139132114 90 65 45 34 37 51261010OF 3 2138145413999999999999999 858 562120 3499999999999999
 73 99122137140132115 94 76 66 66 77 96117135143140124100 72 46 29 24 32261011OF 346140151414499999999999999 928 652152 2499999999999999
 52 78105127138137127110 92 78 74 79 94114133145146134112 83 55 32 19 21261012OF 427139153514799999999999999 957 742224 1899999999999999
 35 58 86111129136132120105 91 83 84 94110129143148142123 97 68 41 23 17261013OF 5 81361558148999999999999991024 822257 1799999999999999
 25 43 67 93114127130124113101 92 89 95107124139147145132110 82 55 34 22261014OF 5481301621148999999999999991050 892330 2099999999999999
 22 33 53 76 98114123123117108 99 95 97105118132142145137120 96 71 48 32261015OF 6291241646145999999999999991114 95999999999999999999999
 26 30 44 62 82100111116115110104100100104113125135140137126108 86 64 47261016OF 717116171114099999999999999 0 5 261135 9999999999999999
 36 34 40 53 69 85 98106110109107104103105110118126132133127115 98 79 63261017OF 822110173813399999999999999 044 34115310399999999999999
 50 43 43 49 59 71 83 94101105107107107107109113118122125123117106 92 78261018OF18 7125999999999999999999999 132 42999999999999999999999
 66 56 51 50 54 61 71 81 90 98104108110110110110111113114115113108101 92261019OF1848115999999999999999999999 240 50999999999999999999999
 82 72 63 57 54 55 60 69 79 90100107112114113110106104102103104105105102261020OF13 4114211310599999999999999 413 54181110299999999999999
 96 88 78 69 60 55 55 59 68 81 94105114118117112104 96 91 89 91 96101106261021OF1317118234510799999999999999 536 541858 8999999999999999
107103 96 84 72 61 55 54 60 72 87102114121121115104 91 80 74 74 81 91102261022OF1333122999999999999999999999 634 531929 7399999999999999
111115112103 89 74 61 55 56 66 81 98114124127121107 90 73 61 56 61 74 91261023OF 1 4115134912799999999999999 720 551959 5699999999999999
108120124120108 91 75 63 59 63 76 94112126132128114 93 70 51 40 40 51 71261024OF 2 112414 613299999999999999 758 592030 3999999999999999
 94115129132126111 92 76 67 66 75 91110127137136123101 74 48 29 22 28 47261025OF 249133142513899999999999999 833 6521 2 2299999999999999
 73100123136137127111 93 80 74 78 91109127140143134113 84 53 27 11 10 22261026OF 336138144614399999999999999 9 6 742137  999999999999999
 47 77106128139137126110 95 85 84 92108126141149144127100 67 35 11  0  4261027OF 42213915 914999999999999999 936 832214  099999999999999
 22 50 82110129137133122108 97 92 96107124140151152140117 86 52 22  3 -3261028OF 5 913715351539999999999999910 5 922254 -399999999999999
  5 27 55 85110125130126117107100100107120135148154149132106 75 43 17  2261029OF 55913016 4154999999999999991031 992338  099999999999999
  1 12 33 60 86107119122119112106104107116129141150151141123 97 68 41 20261030OF 6561221635152999999999999991057104999999999999999999999
  9 10 21 41 63 85101111114113109106107112120131140145142131113 91 67 45261031OF 8 6114171114599999999999999 026  8112310699999999999999
